93
29
25
15
54
92
47
95
82
46
58
84
48
13
75
95
83
39
86
57
76
94
27
94
62
23
4
14
95
42
88
94
48
50
37
56
56
21
89
9
26
18
98
73
81
98
9
23
81
91
94
92
48
8
11
42
91
55
78
28
16
68
21
11
21
50
61
97
19
16
59
23
57
2
36
99
87
51
51
39
43
79
45
4
43
66
52
79
69
24
69
78
49
64
65
0
61
0
51
94
31
23
72
17
83
53
76
25
12
40
45
77
62
16
50
98
58
78
62
23
21
66
55
81
14
30
2
3
12
12
69
10
4
84
57
3
93
15
37
79
42
80
27
80
89
0
58
9
94
74
34
88
71
81
53
56
79
74
74
58
68
34
92
73
38
52
16
25
3
49
52
31
10
17
14
51
32
5
53
86
70
50
34
0
29
26
38
37
84
36
4
36
40
31
55
0
9
6
87
95
28
26
33
22
89
45
0
20
52
39
2
16
97
80
80
9
1
80
79
56
88
79
40
60
65
90
35
7
73
16
9
37
80
30
11
70
97
60
23
94
56
64
58
76
19
86
71
33
19
79
68
86
85
45
75
88
49
3
52
33
50
28
94
88
28
25
31
59
67
4
70
84
33
2
16
78
7
93
27
54
22
68
8
6
81
63
27
15
7
38
89
43
91
91
42
38
55
64
85
36
15
43
57
92
42
64
49
45
35
37
60
82
94
82
72
37
10
76
54
49
56
72
63
96
62
9
69
88
65
30
40
78
24
87
16
93
60
99
17
25
97
2
98
88
52
1
43
87
94
99
70
58
43
16
74
5
13
26
75
98
87
23
13
92
80
45
31
79
46
5
64
47
11
24
34
40
87
73
27
67
94
79
13
34
5
54
89
97
57
29
33
88
36
7
23
91
54
20
47
70
36
60
53
3
63
66
15
17
7
3
66
81
22
25
98
80
61
91
25
21
98
75
10
99
21
27
64
6
73
87
70
74
66
11
37
72
90
53
88
25
53
22
52
74
22
57
77
70
51
30
54
52
60
88
5
89
89
70
90
22
63
61
98
55
62
87
23
26
96
41
23
91
92
34
19
50
26
39
39
23
96
75
55
99
19
88
36
55
53
93
17
46
66
63
90
65
93
75
0
39
13
85
71
47
29
67
48
56
18
70
50
51
51
39
1
62
79
26
75
30
80
18
58
11
71
49
54
76
13
55
60
92
1
47
25
13
71
18
26
97
37
87
16
30
49
24
76
19
60
16
36
8
98
27
1
41
34
54
50
32
69
67
2
23
24
5
67
13
3
90
71
40
29
90
52
36
65
4
95
57
26
72
28
47
24
71
86
71
23
8
79
89
34
76
27
4
41
0
43
75
92
96
92
18
32
43
34
58
75
11
87
86
68
63
44
89
45
75
60
81
6
41
63
43
7
17
79
94
98
80
7
79
86
30
33
26
84
66
70
26
12
7
95
66
52
20
7
24
81
34
56
64
55
82
52
30
41
90
86
10
45
28
13
89
74
66
41
1
75
22
44
61
75
2
76
91
80
41
77
18
53
80
69
20
58
87
69
14
90
92
3
44
64
54
92
77
31
79
69
2
10
16
77
99
13
71
34
34
54
8
54
25
29
93
29
36
79
59
82
19
45
41
2
54
13
12
80
91
5
78
8
34
54
28
7
76
57
19
33
1
92
22
30
7
19
46
65
97
33
20
19
22
8
47
21
59
17
23
70
39
57
82
51
8
65
66
56
4
19
68
8
60
83
75
2
18
62
74
56
18
22
32
64
97
75
54
42
93
4
78
68
5
11
87
38
45
48
97
91
84
4
76
12
42
63
34
76
29
55
93
44
64
64
99
30
37
26
96
37
32
66
11
80
53
2
97
81
77
70
7
88
26
19
82
36
36
68
48
94
43
60
47
58
90
45
39
24
3
82
79
12
17
71
76
97
71
78
24
11
31
1
70
91
15
61
71
38
9
66
85
31
42
33
81
69
81
63
79
37
17
51
18
81
48
7
66
59
8
19
21
28
23
76
14
57
4
1
38
31
70
57
45
35
53
52
66
54
48
99
10
91
28
75
42
68
88
66
81
26
86
90
75
58
66
62
5
16
83
80
3
90
26
8
24
82
44
36
42
37
68
25
77
30
69
32
14
43
25
63
68
62
78
11
31
3
56
73
37
10
14
28
86
17
98
61
29
9
46
54
54
78
48
25
36
76
34
18
22
96
97
52
53
0
97
28
32
68
16
23
84
86
27
76
76
69
29
63
58
82
5
24
77
12
81
39
30
18
9
44
34
87
25
23
46
94
41
96
82
20
55
74
88
88
16
85
60
93
32
25
29
87
56
14
59
75
54
82
24
17
16
74
15
77
67
38
68
18
23
40
89
80
60
36
1
88
11
98
6
26
59
8
23
99
19
14
68
73
28
12
47
56
1
13
59
62
71
59
54
51
92
62
17
40
88
2
93
14
70
24
39
68
41
40
23
74
90
31
65
44
99
64
56
75
50
36
49
6
92
63
50
53
82
10
23
11
38
36
30
91
43
17
41
42
6
94
26
32
89
26
5
17
34
69
14
34
45
24
10
28
31
42
70
28
79
27
50
10
79
98
29
45
0
80
23
46
71
0
93
49
0
61
80
11
53
69
64
17
93
96
12
33
63
0
71
89
77
97
67
69
54
24
2
42
96
18
42
85
44
94
10
45
67
72
7
79
17
42
37
60
89
28
94
45
9
29
1
42
94
44
97
79
48
89
45
85
30
6
24
46
72
26
69
29
50
74
21
93
22
81
10
76
83
93
48
39
77
77
63
29
96
38
56
61
28
71
89
46
60
61
35
11
92
3
96
0
17
39
86
68
91
38
75
95
42
71
42
28
5
8
99
5
37
48
28
71
91
13
51
10
41
46
18
48
71
53
69
90
52
32
14
1
37
13
87
15
81
24
65
27
44
45
47
98
28
8
37
88
41
74
63
87
36
97
14
51
61
71
81
67
11
60
42
11
59
18
52
51
58
70
88
9
40
58
48
76
36
37
32
73
16
19
41
63
59
55
9
54
80
39
16
95
71
55
69
76
70
73
40
59
52
49
44
62
17
29
62
75
43
52
40
66
11
77
56
44
57
59
10
41
65
67
69
35
42
2
99
58
45
86
64
4
31
28
72
78
24
71
0
12
72
96
94
22
32
62
54
4
98
1
53
94
3
60
46
53
77
52
0
69
9
68
15
40
7
31
23
28
33
73
23
29
75
13
96
2
52
67
81
70
10
98
83
71
79
83
29
91
80
82
25
47
9
33
15
61
52
30
40
97
63
37
31
92
83
44
76
78
10
28
54
18
89
6
11
20
8
58
59
20
72
43
25
46
94
59
74
94
26
75
44
52
55
8
80
68
78
45
97
85
38
9
80
45
35
56
9
99
72
34
4
16
7
64
93
50
55
11
13
11
69
79
41
78
12
90
18
45
19
90
24
88
57
6
81
1
64
64
77
46
7
46
99
23
30
67
7
52
65
82
16
88
81
88
50
43
42
87
40
51
90
13
0
46
83
66
19
24
20
70
40
29
42
36
89
81
62
59
33
4
76
54
15
1
34
73
84
34
91
14
11
43
11
58
77
81
51
39
59
45
83
15
17
45
68
51
31
47
93
34
38
86
75
72
9
42
20
87
61
28
80
61
59
15
6
80
35
66
22
23
53
20
25
67
28
38
34
23
34
19
37
48
59
29
78
68
43
24
31
9
67
13
76
23
32
13
3
3
47
52
79
68
56
37
50
1
78
76
60
79
89
27
76
53
47
86
10
34
97
78
19
92
97
69
4
47
38
68
22
84
0
13
23
64
6
28
50
57
58
86
89
61
74
2
56
50
46
88
55
30
79
19
44
50
8
35
83
34
76
48
3
30
2
86
53
12
81
78
89
87
40
61
38
35
39
16
51
14
56
88
36
63
48
17
98
58
79
31
63
29
31
73
30
54
97
30
46
77
98
25
88
88
40
20
90
22
70
73
47
78
86
74
37
55
86
72
18
86
50
91
84
26
35
44
35
71
18
75
78
37
64
59
53
64
59
85
61
66
43
98
23
89
79
34
40
48
43
54
86
86
21
17
31
50
36
83
42
57
44
38
28
17
65
23
13
78
68
10
37
95
12
69
82
24
91
59
46
76
80
56
95
78
65
65
19
89
69
96
59
89
43
98
88
96
79
49
28
38
39
39
67
57
55
28
86
86
86
50
90
81
92
39
22
39
60
61
77
43
59
98
55
82
88
57
7
72
7
97
15
29
45
13
14
28
81
14
90
47
25
46
9
68
81
2
5
65
37
63
37
48
18
49
64
25
74
32
37
0
97
44
4
54
53
48
3
0
2
27
29
28
87
28
66
73
53
57
41
22
37
91
58
87
86
9
51
29
93
30
97
55
21
60
57
41
63
3
1
97
90
15
65
28
28
84
90
72
61
8
75
8
42
43
80
2
35
14
96
22
89
0
15
63
86
39
60
19
31
52
70
2
56
43
17
36
65
89
96
85
25
47
53
79
23
5
21
76
80
52
40
53
79
70
32
98
85
68
30
67
98
60
98
41
94
93
9
87
65
65
38
40
64
43
45
78
44
25
2
68
22
16
33
53
6
51
16
50
42
99
12
90
71
90
46
52
2
75
65
69
88
89
96
33
36
62
53
93
94
37
13
87
9
69
77
39
86
4
6
17
17
16
9
75
70
52
25
12
36
40
57
59
94
52
35
68
83
30
51
37
68
58
74
90
53
19
46
78
84
93
67
8
53
95
72
83
99
19
92
82
14
0
45
52
16
44
47
80
10
6
65
53
86
71
56
83
37
74
93
10
35
58
58
79
80
69
47
36
63
70
23
68
18
87
93
41
29
97
23
35
56
18
69
38
60
38
28
7
70
90
79
28
63
38
28
26
68
68
72
29
41
18
5
19
65
81
97
77
41
21
55
71
91
10
89
43
31
0
93
6
24
55
30
87
60
13
24
97
18
90
81
79
10
83
62
99
19
27
65
85
33
14
72
9
61
95
19
89
82
9
0
44
35
22
56
0
91
21
59
95
77
30
45
61
20
36
91
27
76
15
1
51
68
92
46
9
71
59
74
22
49
80
25
96
79
66
40
18
11
68
9
70
83
88
55
84
33
46
84
57
48
7
69
78
54
45
88
0
1
40
38
21
13
10
34
4
3
58
77
21
76
62
20
53
66
49
21
42
52
13
60
72
94
66
57
95
71
91
63
0
50
45
78
91
49
82
90
27
96
92
53
58
3
81
99
47
99
75
30
14
10
24
88
3
27
36
29
8
48
70
54
49
4
2
4
78
49
37
99
80
2
44
98
48
59
63
80
5
6
36
90
29
66
56
11
92
67
41
45
45
64
92
77
9
37
47
63
6
1
79
77
29
85
24
54
80
84
88
19
52
10
86
41
46
40
77
78
5
89
50
66
21
43
11
62
7
54
80
43
74
38
84
25
28
76
21
4
25
70
41
93
50
40
43
26
30
76
98
52
44
3
93
78
80
25
3
67
39
26
82
96
6
63
11
71
6
25
44
68
32
22
38
74
64
24
58
91
12
27
64
90
15
15
84
54
51
27
45
28
40
3
83
66
87
64
65
54
91
38
16
14
56
35
7
17
26
58
35
11
32
71
79
63
91
66
30
26
9
36
61
42
0
79
1
13
8
30
97
51
51
20
77
69
65
49
27
67
24
42
39
26
15
23
6
16
92
12
19
7
10
41
95
4
45
75
23
9
49
43
24
33
62
42
51
79
76
68
71
83
9
95
12
96
92
28
86
93
30
12
79
55
59
88
98
59
68
31
13
86
67
77
26
52
68
30
10
39
16
13
55
25
87
3
28
45
96
44
3
93
52
35
30
16
8
43
23
10
73
67
11
48
25
32
11
90
29
14
99
17
61
83
90
75
49
32
98
1
94
54
20
96
48
57
85
76
51
54
66
22
80
46
62
71
32
94
6
96
61
7
8
37
20
51
45
42
54
14
62
20
66
86
26
11
29
78
63
60
82
83
30
79
21
13
72
99
63
61
39
21
3
45
87
75
21
19
7
33
12
23
92
87
53
37
0
50
82
38
95
49
57
4
72
12
64
88
67
48
91
97
64
26
45
91
55
59
6
17
17
81
97
61
36
16
54
6
20
28
73
32
47
18
27
32
35
62
29
71
14
74
59
16
91
30
57
38
72
97
77
88
23
57
66
78
91
44
2
69
56
77
44
10
74
66
44
55
88
68
20
61
33
93
3
84
24
7
56
30
54
65
46
85
37
83
67
7
55
31
68
70
8
98
8
90
49
51
81
30
51
38
0
52
12
6
24
32
69
85
11
99
61
11
40
59
6
27
48
47
50
37
24
6
65
23
5
24
78
27
65
24
60
45
55
6
63
95
57
84
36
37
80
93
42
15
63
42
15
2
53
41
47
63
11
64
71
63
55
34
23
40
29
97
86
65
23
36
67
13
78
13
98
90
0
91
11
70
56
82
35
91
66
96
90
19
64
28
58
67
6
66
34
53
28
93
30
21
9
57
43
48
36
82
30
33
95
67
62
78
66
19
23
91
51
37
71
58
64
11
81
10
46
17
69
1
78
57
39
90
58
35
58
65
47
99
21
14
92
47
38
12
66
62
95
10
88
60
87
89
82
71
37
17
51
43
39
78
60
40
30
15
60
72
74
50
61
36
66
8
69
3
59
80
79
66
79
55
52
36
60
98
91
6
57
83
97
80
25
39
25
74
87
97
96
73
19
69
21
58
75
92
29
13
82
27
17
48
42
63
77
79
88
46
90
64
10
97
7
95
25
88
46
20
29
36
10
62
95
16
64
84
10
77
83
79
13
11
49
3
76
17
89
35
62
42
35
7
72
15
27
49
93
37
6
93
49
83
66
22
23
49
80
34
99
19
61
78
38
49
54
75
19
69
57
53
98
24
34
29
34
71
15
70
71
50
25
33
3
74
83
43
28
2
56
37
20
19
53
22
67
26
1
16
1
41
6
32
52
26
49
58
22
12
65
78
49
46
40
4
94
66
63
19
37
81
33
52
3
93
64
95
2
40
57
90
43
78
62
38
52
51
53
96
13
96
63
9
98
11
54
31
52
66
85
43
29
96
94
55
84
56
74
0
2
25
22
34
96
31
66
49
47
26
20
85
78
23
46
26
70
92
12
65
94
19
92
18
23
25
16
98
88
17
68
31
84
59
53
15
9
5
90
22
83
25
41
84
75
34
26
86
5
61
25
46
95
65
65
78
20
10
58
74
39
83
23
66
66
56
97
14
34
23
2
97
94
98
77
53
68
89
87
73
88
82
77
35
89
79
13
81
69
89
1
58
41
71
22
18
58
66
31
94
42
50
17
6
27
47
19
37
99
67
69
75
94
7
49
39
20
34
58
92
39
53
43
50
85
33
16
74
78
43
54
75
10
5
5
76
66
51
40
51
58
85
63
75
2
53
36
22
30
53
53
63
76
46
23
59
36
48
9
75
64
77
27
41
78
62
80
44
4
70
35
27
6
42
99
11
70
54
15
44
45
36
74
41
18
95
18
12
25
72
52
54
91
74
80
12
53
97
40
66
11
67
92
50
58
51
0
53
77
43
49
94
57
21
93
20
4
18
14
33
50
38
99
93
43
37
64
97
40
75
63
14
0
4
56
66
71
63
5
86
52
8
83
43
95
57
54
70
58
18
95
78
4
41
36
96
73
61
56
59
39
84
71
0
36
4
18
73
69
2
87
13
97
65
36
99
31
99
96
72
29
15
8
44
38
6
65
61
43
48
70
15
97
55
14
23
34
91
90
39
35
46
31
88
50
35
72
83
97
72
97
74
23
53
1
90
74
89
0
6
31
85
30
83
15
76
85
84
78
85
41
38
78
97
91
77
61
12
32
49
28
27
