2.32E-5
0.0064689
0.0135305
0.0226328
0.0335416
0.0415524
0.0506356
0.0626839
0.0747966
0.0929884
0.1203972
0.1552472
0.1927363
0.2322099
0.2769885
0.3242137
0.3784941
0.4407432
0.5601062
0.7397798
0.9917709
1.3086187
1.7050903
2.1911955
2.7551226
3.4159555
4.2081757
5.0702357
6.0194832
7.0948536
8.2672702
9.5646712
10.977645
12.5311892
14.2163603
16.0298419
17.9854273
20.2425355
22.8409753
25.7715913
29.1124977
32.8760456
37.0826747
41.7018695
46.7963618
52.3754856
58.3878404
64.9925329
72.1259894
79.786789
88.2057629
97.051626
106.5960082
116.7651048
127.4108272
138.7011368
150.7582028
163.5134834
176.9894194
191.4885426
206.8013497
222.8902327
239.7748238
258.7242034
279.2978542
299.6047844
321.809179299
343.9022508
366.6815076
390.3004752
414.9228497
440.6553781
467.4231838
495.0323595
523.6580743
553.783175
584.5272029
616.3794359
649.6502343
684.6412278
719.9697365
757.0981205
794.8618865
834.6700795
875.1305717
917.1582709
960.0513541
1004.14401
1050.0256804
1097.2100661
1145.8887773
1197.3131369
1250.816574
1303.127684
1359.309496699
1415.2766788
1475.0189677
1534.0988695
1595.9679417
1657.3482228
1720.8950454
1787.7082077
1854.9921346
1926.1602369
1998.727635
2073.6265806
2146.7423879
2224.3649425
2303.5757158
2385.0449476
2467.8150269
2552.1719562
2636.3331742
2725.3899379
2817.3225727
2907.572215
2999.1981503
3093.3434455
3189.2218938
3286.7633035
3387.0406701
3490.1566284
3594.784509299
3701.0184188
3808.2126344
3921.3435838
4034.353416
