0.0056728
0.0058567
0.0065234
0.0084517
0.0099909
0.0072533
0.0083607
0.0111407
0.01108
0.0159061
0.022865
0.0282792
0.035511
0.0378594
0.0433106
0.0455426
0.052288
0.0598817
0.1133424
0.1669953
0.2310471
0.2857571
0.3527231
0.427286
0.4867022
0.5637521
0.6718933
0.7164069
0.7783826
0.8690836
0.938592
1.0260864
1.1064374
1.2052817
1.2918457
1.3804992
1.4697057
1.6751063
1.9054236
2.1059336
2.358408
2.6313149
2.9159058
3.1647509
3.4586475
3.726431
3.9662803
4.35179
4.632171
4.9506527
5.3384062
5.6028925
6.0158358
6.40239
6.5943619
6.9636453
7.355196
7.7649191
8.1228975
8.7547878
9.2396854
9.68889
10.0874115
10.7632294
12.0146784
11.7800361
12.5709562
12.7087202
13.201134
13.430332
14.035851
14.5178468
15.1333461
15.6012356
16.2462349
17.0385079
17.2106885
17.7433236
18.5480561
19.6601312
19.5400591
20.7096564
20.8029637
22.0412032
22.2402281
22.9455875
23.3777947
23.8127161
24.9469703
25.4379214
26.3670605
27.0592913
28.6026384
28.097477
29.7601859
30.2773058
31.370471499
31.7230829
32.0267002
32.4498137
33.8850253
34.4014921
35.6762188
36.7088847
37.5140818
38.9176816
38.4378012
39.8719679
40.4096755
41.7866395
44.1213139
42.5352605
43.7033308
45.3328126
47.2004627
46.9363997
47.3779561
48.7548009
49.5762274
50.2838217
51.5332852
53.5829974
53.8796895
54.447040401
54.7762712
59.2099469
58.1029747
